function colors = tubscolors()

colors.BlueLight = [ 124 205 230 ]/255;
colors.VioletLight = [ 204 0 153 ]/255;
colors.GreenLight = [ 198 238 0 ]/255;
colors.Orange = [ 250 110 0 ]/255;
colors.tubsRed = [ 176 0 70 ]/255;
colors.RichBlack = [ 0 0 0 ]/255;
colors.Black = [ 0 0 0 ]/255;
colors.tubsRed = [ 190 30 60 ]/255;
colors.tubsWhite = [ 255 255 255 ]/255;
colors.Yellow = [ 255 205 0 ]/255;
colors.Green = [ 137 164 0 ]/255;
colors.GreenDark = [ 0 113 86 ]/255;
colors.Blue = [ 0 128 180 ]/255;
colors.BlueDark = [ 0 83 116 ]/255;
colors.Violet = [ 118 0 118 ]/255;
colors.VioletDark = [ 118 0 84 ]/255;

end

